function [d] = DensitatAigua(T)
d = 741.966+1.9613*T-0.00371211*T^2;
end